0.0156252
0.0155999
0.00323218
0.0155436
0.0104207
0.015625
0.0156308
0.0158479
0.0156919
0.0157068
0.015748
0.015748
0.0163934
0.0157068
0.0163934
0.0163934
0.0163934
0.015748
0.0163934
0.0163934
0.0157068
0.0163934
0.015748
0.0163934
0.015748
0.015748
0.0163934
0.015748
0.0157729
0.0156658
0.0157068
0.0159363
0.0158014
0.0159363
0.0163934
0.015748
0.015748
0.015748
0.0157729
0.0163934
0.0163934
0.0157068
0.0157068
0.0163934
0.0157729
0.0163934
0.0163934
0.0157171
0.0159363
0.0158014
0.0163934
0.0163934
0.0163934
0.0163934
0.0163934
0.0163934
0.015748
0.0157068
0.015748
0.015748
0.0163934
0.015748
0.0163934
0.0163934
0.0159363
0.0163934
0.015748
0.015748
0.0163934
0.015748
0.0163934
0.0163934
0.0163934
0.0163934
0.0163934
0.0163934
0.0163934
0.0163934
0.0152737
0.0526316
0.0156815
0.015748
0.015748
0.0157068
0.015748
0.015748
0.0163934
0.015748
0.0157729
0.0163934
0.0157068
0.015748
0.0157068
0.015748
0.0159363
0.0157068
0.0163934
0.0163934
0.0157068
0.0163934
0.0163934
0.0163934
0.0157068
0.015748
0.0163934
0.0163934
0.0156919
0.0159363
0.0157068
0.0163934
0.0163934
0.0157729
0.0163934
0.0163934
0.0157068
0.0163934
0.0163934
0.0157068
0.0163934
0.0163934
0.015748
0.015748
0.0163934
0.0163934
0.0163934
0.0163934
0.0163934
0.0163934
0.0163934
0.0163934
0.0163934
0.0163934
0.0163934
0.0163934
0.0163934
0.0163934
0.0163934
0.015748
0.015748
0.0163934
0.0163934
0.0163934
0.0163934
0.0163934
0.0163934
0.0163934
0.015748
0.0163934
0.0163934
0.0163934
0.0156251
0.0156975
0.0158479
0.0156658
0.0156658
0.015748
0.0163934
0.015748
0.0163934
0.015748
0.0157068
0.0163934
0.0163934
0.015748
0.0157068
0.015748
0.0163934
0.015748
0.0104712
0.5
0.0163934
0.0163934
0.0163934
0.0157068
0.0163934
0.0163934
0.0163934
0.0163934
0.015748
0.0119522
0.333333
0.0159363
0.0163934
0.0163934
0.0163934
0.0163934
0.0163934
0.015748
0.0163934
0.0163934
0.0163934
0.0163934
0.0157068
0.0163934
0.015748
0.0163934
0.0163934
0.0163934
0.0157687
0.0159363
0.0157729
0.0163934
0.0163934
0.0163934
0.0157729
0.015748
0.015748
0.0163934
0.0163934
0.0163934
0.0157335
0.0157687
0.015748
0.0163934
0.0163934
0.0163934
0.0163934
0.0163934
0.0163934
0.0163934
0.0163934
0.0163934
0.0163934
0.0163934
0.0163934
0.0163934
0.0163934
0.0163934
0.0163934
0.0163934
0.015748
0.0163934
0.0163934
0.0157618
0.0159363
0.0157068
0.015748
0.0163934
0.0157068
0.0163934
0.0163934
0.015748
0.0157068
0.0157068
0.0163934
0.0163934
0.015748
0.015748
0.0163934
0.0163934
0.0163934
0.015748
0.0157068
0.0155629
0.00799041
0.0156254
0.0156433
0.0157398
0.0157618
0.0157068
0.0156658
0.0163934
0.0163934
0.0159363
0.0163934
0.0163934
0.0163934
0.0104712
0.5
0.015748
0.0163934
0.0163934
0.0157068
0.015748
0.0163934
0.0163934
0.0163934
0.015748
0.015748
0.015748
0.0159363
0.0163934
0.0163934
0.015748
0.0163934
0.0157171
0.0163934
0.0157068
0.015748
0.0163934
0.0163934
0.0157068
0.0163934
0.015748
0.0163934
0.015748
0.0163934
0.0163934
0.015748
0.015748
0.015748
0.0163934
0.0163934
0.0159363
0.0163934
0.0163934
0.0163934
0.0157068
0.0163934
0.0163934
0.0156433
0.0158479
0.0163934
0.015748
0.015748
0.0157068
0.0163934
0.015748
0.015748
0.0163934
0.015748
0.0163934
0.0157068
0.015748
0.0157068
0.015748
0.0163934
0.015748
0.0163934
0.015748
0.015748
0.015748
0.0163934
0.0163934
0.015748
0.0157171
0.015748
0.015748
0.0163934
0.015748
0.0157068
0.0163934
0.0163934
0.0163934
0.0163934
0.0163934
0.015748
0.0163934
0.015748
0.0163934
0.0163934
0.0157068
0.0163934
0.0163934
0.0157068
0.0163934
0.0163934
0.0163934
0.0163934
0.0163934
0.0163934
0.0159363
0.0163934
0.0163934
0.0163934
0.0163934
0.015748
0.0157068
0.0156252
0.0153113
0.0344828
0.0157835
0.0157729
0.0159363
0.0157068
0.0163934
0.0163934
0.0159363
0.0163934
0.0163934
0.0163934
0.0163934
0.0163934
0.0163934
0.0163934
0.0163934
0.0163934
0.0157068
0.015748
0.0163934
0.0163934
0.0163934
0.0163934
0.0163934
0.0163934
0.0163934
0.015748
0.0163934
0.0163934
0.0163934
0.0163934
0.015748
0.0163934
0.0163934
0.015748
0.0163934
0.015748
0.0163934
0.0163934
0.0163934
0.0163934
0.0163934
0.0163934
0.0163934
0.0163934
0.0163934
0.0163934
0.015748
0.015748
0.0163934
0.0163934
0.0163934
0.0163934
0.0157068
0.0146561
0.0909091
0.0157068
0.0163934
0.0163934
0.0163934
0.0163934
0.015748
0.0163934
0.0163934
0.015748
0.0163934
0.0163934
0.015748
0.0163934
0.0163934
0.015748
0.0163934
0.015748
0.0156726
0.0157835
0.0163934
0.0163934
0.0163934
0.0163934
0.0163934
0.0163934
0.0163934
0.0163934
0.015748
0.015748
0.0163934
0.0163934
0.015748
0.0163934
0.0163934
0.0157068
0.015748
0.0163934
0.0163934
0.015748
0.0163934
0.0163934
0.0163934
0.0163934
0.0163934
0.0163934
0.0163934
0.0163934
0.0163934
0.0163934
0.0157618
0.015748
0.0163934
0.015748
0.0163934
0.0163934
0.015748
0.0163934
0.0163934
0.0157068
0.0163934
0.0163934
0.015748
0.0163934
0.0163934
0.0157068
0.0163934
0.0163934
0.0163934
0.0163934
0.015748
0.0163934
0.0163934
0.0163934
0.0163934
0.0163934
0.0163934
0.0163934
0.0163934
0.0163934
0.0155875
0.00479939
0.0155615
0.00814269
0.015625
0.0156324
0.0146561
0.0909091
0.0157068
0.0156658
0.0157171
0.0158014
0.0163934
0.0163934
0.015748
0.0159363
0.0163934
0.0163934
0.0163934
0.0163934
0.0159363
0.0163934
0.0163934
0.015748
0.015748
0.0163934
0.015748
0.0163934
0.0157729
0.0163934
0.0163934
0.0163934
0.0157729
0.0163934
0.0163934
0.0159363
0.0156658
0.0163934
0.0163934
0.0157729
0.0163934
0.0163934
0.0156919
0.015748
0.0157068
0.0157729
0.0158014
0.0163934
0.0163934
0.0156658
0.0163934
0.0157729
0.015748
0.0157068
0.0157729
0.0157729
0.0163934
0.0157068
0.0156658
0.0157729
0.015632
0.0156658
0.0159363
0.0163934
0.0157068
0.0159363
0.0157068
0.015748
0.0159363
0.0159363
0.015748
0.015748
0.0157068
0.0156658
0.0163934
0.0157729
0.015748
0.0163934
0.0163934
0.0163934
0.0156658
0.0163934
0.0163934
0.0158014
0.0157618
0.0157729
0.0157729
0.0156658
0.0163934
0.015748
0.0158014
0.0163934
0.0163934
0.0159363
0.0159363
0.0157171
0.0119522
0.333333
0.0159363
0.015748
0.015748
0.0157729
0.0156658
0.0163934
0.0163934
0.0157729
0.0159363
0.0156241
0.000145836
0.0156433
0.0156658
0.0157068
0.0159363
0.0157068
0.0157068
0.0157068
0.0157068
0.0163934
0.0163934
0.015748
0.015748
0.015748
0.015748
0.015748
0.0157068
0.0104712
0.5
0.0157618
0.0163934
0.0163934
0.015748
0.015748
0.0163934
0.015748
0.0157068
0.0163934
0.0163934
0.0157068
0.0157068
0.015748
0.0157068
0.0163934
0.015748
0.0163934
0.0163934
0.015748
0.0163934
0.0163934
0.0157068
0.0153411
0.0434783
0.0158014
0.015748
0.015748
0.0163934
0.015748
0.0157171
0.0163934
0.0163934
0.0163934
0.0163934
0.0163934
0.0163934
0.0157171
0.0157068
0.0157068
0.00787402
0.5
0.0163934
0.0163934
0.015748
0.0163934
0.015748
0.015748
0.0159363
0.0163934
0.015748
0.0157068
0.015748
0.0163934
0.015748
0.0163934
0.0163934
0.0163934
0.0155535
0.00829531
0.0156255
0.0156433
0.0156709
0.0157068
0.0156658
0.0157618
0.0163934
0.0163934
0.0163934
0.0157729
0.0163934
0.0163934
0.0163934
0.0163934
0.0157068
0.0163934
0.0157068
0.0163934
0.015748
0.0163934
0.0157068
0.0163934
0.015748
0.0163934
0.0163934
0.0163934
0.015748
0.0159363
0.0163934
0.015748
0.0156815
0.0159363
0.015748
0.0163934
0.0163934
0.0159363
0.0163934
0.0163934
0.0163934
0.0159363
0.0163934
0.0163934
0.0163934
0.0157068
0.0159363
0.0157068
0.0157068
0.0157068
0.015748
0.0163934
0.0163934
0.0163934
0.0156726
0.0157687
0.0159363
0.015748
0.015748
0.0163934
0.0163934
0.0163934
0.0163934
0.0163934
0.0159363
0.0163934
0.015748
0.0157729
0.0163934
0.0157068
0.0163934
0.0163934
0.0159363
0.0163934
0.015748
0.0163934
0.0158479
0.0158014
0.0157068
0.0157068
0.015748
0.0163934
0.0157068
0.0163934
0.0163934
0.0159363
0.0163934
0.0156658
0.015748
0.015748
0.0163934
0.0163934
0.0163934
0.015748
0.0163934
0.0163934
0.0163934
0.0163934
0.0163934
0.0163934
0.0156181
0.000887443
0.0156433
0.0156919
0.0156658
0.0163934
0.0159363
0.0163934
0.0163934
0.0163934
0.0163934
0.0159363
0.0163934
0.0163934
0.015748
0.0163934
0.0163934
0.0159363
0.015748
0.0163934
0.015748
0.0163934
0.0163934
0.0163934
0.0157068
0.0159363
0.0157068
0.0163934
0.0163934
0.015748
0.0163934
0.0163934
0.0163934
0.0163934
0.015748
0.0163934
0.0163934
0.0157068
0.015748
0.0163934
0.0157618
0.015748
0.0163934
0.0157729
0.0157068
0.0157068
0.0163934
0.0163934
0.015748
0.015748
0.0163934
0.015748
0.0163934
0.015748
0.0163934
0.0163934
0.015748
0.0163934
0.015748
0.0163934
0.0163934
0.0163934
0.0157068
0.0163934
0.0163934
0.0151592
0.0588235
0.0157687
0.0163934
0.0163934
0.015748
0.015748
0.0163934
0.015748
0.0163934
0.0157068
0.015748
0.0163934
0.0163934
0.0163934
0.0163934
0.015748
0.0163934
0.0163934
0.015748
0.0163934
0.015748
0.015748
0.015748
0.0163934
0.0158479
0.0163934
0.0163934
0.015748
0.015748
0.0163934
0.0157068
0.0163934
0.015748
0.015748
0.0157068
0.0163934
0.0163934
0.015748
0.015748
0.0163934
0.015748
0.0157068
0.0163934
0.0163934
0.0163934
0.0163934
0.0163934
0.0156251
0.0156126
0.00161958
0.0155477
0.0099655
0.0156251
0.0152703
0.0434783
0.0158479
0.0159363
0.0159363
0.0159363
0.0163934
0.0157068
0.015748
0.0157068
0.0163934
0.0157068
0.0163934
0.0163934
0.0163934
0.0157068
0.015748
0.015748
0.0163934
0.0157068
0.0163934
0.0157068
0.0157618
0.0157729
0.0159363
0.0163934
0.015748
0.0157068
0.015748
0.0163934
0.0163934
0.0163934
0.015748
0.0157068
0.0157729
0.0163934
0.0157068
0.0159363
0.0159363
0.015694
0.0156815
0.015748
0.0157068
0.0157729
0.0159363
0.015748
0.0159363
0.0163934
0.0157068
0.0159363
0.0157068
0.0163934
0.0163934
0.0163934
0.0157068
0.015748
0.0163934
0.015748
0.0157068
0.0157068
0.0157618
0.015748
0.0157068
0.0157068
0.0163934
0.0163934
0.015748
0.0163934
0.0163934
0.015748
0.0159363
0.0163934
0.0157729
0.0163934
0.0157729
0.0157068
0.015748
0.0163934
0.015748
0.0163934
0.0157068
0.015748
0.0163934
0.015748
0.0156205
0.000583345
0.0156505
0.0157618
0.0158014
0.0157068
0.0104712
0.5
0.0163934
0.015748
0.0163934
0.0157068
0.015748
0.015748
0.015748
0.0163934
0.0163934
0.0163934
0.0163934
0.0157729
0.0157068
0.0163934
0.0163934
0.015748
0.0163934
0.015748
0.0157835
0.0157068
0.0157729
0.0163934
0.015748
0.015748
0.0163934
0.0163934
0.0163934
0.0163934
0.0163934
0.0163934
0.0163934
0.0163934
0.015748
0.0163934
0.015748
0.0163934
0.0163934
0.015748
0.0156308
0.0158479
0.015748
0.0163934
0.0163934
0.0163934
0.0163934
0.0157068
0.0163934
0.0163934
0.015748
0.015748
0.0163934
0.0163934
0.0163934
0.0163934
0.0163934
0.0157687
0.0163934
0.015748
0.0163934
0.015748
0.0163934
0.015748
0.015748
0.0163934
0.0163934
0.0163934
0.0163934
0.0155835
0.00537857
0.0156251
0.0153244
0.0344828
0.0157687
0.0157618
0.0157729
0.015748
0.0163934
0.0163934
0.0163934
0.0163934
0.0163934
0.0163934
0.0156658
0.015748
0.0163934
0.0163934
0.0163934
0.0157729
0.015748
0.015748
0.0163934
0.0157068
0.0157068
0.015748
0.0157068
0.0163934
0.0156919
0.0157729
0.0052356
0.5
0.0157068
0.0157068
0.0163934
0.0163934
0.0157068
0.015748
0.0163934
0.015748
0.0163934
0.0163934
0.0163934
0.0159363
0.0159363
0.015748
0.0163934
0.0163934
0.0159363
0.0156979
0.0158479
0.0157729
0.0157068
0.015748
0.0163934
0.015748
0.0163934
0.0163934
0.015748
0.0157068
0.0158014
0.015748
0.0163934
0.0163934
0.015748
0.015748
0.0157068
0.0163934
0.0158479
0.0156658
0.015748
0.0163934
0.0163934
0.015748
0.015748
0.015748
0.0163934
0.0157068
0.0163934
0.015748
0.015748
0.0163934
0.015748
0.0163934
0.015748
0.0163934
0.0156193
0.000748615
0.0156975
0.0157835
0.0158014
0.0163934
0.0159363
0.0163934
0.0163934
0.0163934
0.0163934
0.0157068
0.0163934
0.0157068
0.015748
0.0163934
0.015748
0.015748
0.0163934
0.0163934
0.0157729
0.0163934
0.0156658
0.0163934
0.0159363
0.0163934
0.0157068
0.0163934
0.0159363
0.0157687
0.0157729
0.015748
0.0159363
0.0163934
0.0163934
0.015748
0.0163934
0.0163934
0.0163934
0.0157068
0.015748
0.0157068
0.0158014
0.0163934
0.015748
0.0163934
0.0163934
0.0163934
0.0163934
0.015748
0.0163934
0.0163934
0.0163934
0.015748
0.015748
0.0156544
0.0157835
0.0158014
0.0157068
0.0157068
0.0163934
0.015748
0.0163934
0.0163934
0.015748
0.015748
0.0163934
0.0163934
0.0163934
0.0157068
0.0163934
0.0163934
0.0157729
0.015748
0.0163934
0.015748
0.0163934
0.0157068
0.0163934
0.0157068
0.0163934
0.0163934
0.0156815
0.0157068
0.015748
0.015748
0.0163934
0.0163934
0.0163934
0.0163934
0.0163934
0.0163934
0.0163934
0.0163934
0.0163934
0.0163934
0.0163934
0.0157068
0.015748
0.0157729
0.015748
0.0163934
0.0163934
0.0163934
0.015748
0.0163934
0.0163934
0.0163934
0.0163934
0.0155758
0.00629797
0.0155814
0.00559076
0.0156244
0.000143699
0.0152737
0.0526316
0.0156815
0.015748
0.0157729
0.0159363
0.015748
0.015748
0.0159363
0.0157068
0.015748
0.0163934
0.0157068
0.0163934
0.015748
0.0163934
0.015748
0.0163934
0.0157068
0.0159363
0.0163934
0.0163934
0.0163934
0.0158014
0.0157068
0.0157068
0.015748
0.0163934
0.0163934
0.0157729
0.0163934
0.0157068
0.0163934
0.0157068
0.0159363
0.015748
0.0163934
0.0159363
0.015748
0.0163934
0.0157171
0.0156658
0.015748
0.0163934
0.0163934
0.0157068
0.015748
0.0163934
0.0157068
0.0163934
0.0163934
0.0163934
0.0163934
0.0157068
0.015748
0.015748
0.0163934
0.0163934
0.015748
0.0163934
0.0163934
0.015748
0.0163934
0.0151594
0.0588235
0.0157398
0.015748
0.0163934
0.0163934
0.00787402
0.5
0.0163934
0.0163934
0.0163934
0.0163934
0.0157068
0.015748
0.0163934
0.0163934
0.015748
0.0163934
0.0163934
0.0163934
0.0163934
0.0163934
0.0156919
0.0163934
0.015748
0.015748
0.0163934
0.0163934
0.0163934
0.0163934
0.0163934
0.015748
0.015748
0.0163934
0.0163934
0.0159363
0.0163934
0.0163934
0.0163934
0.015624
0.000146563
0.015694
0.0157835
0.0159363
0.015748
0.0159363
0.015748
0.0163934
0.0157068
0.015748
0.0163934
0.0157068
0.0157068
0.0163934
0.0163934
0.015748
0.0163934
0.015748
0.0163934
0.0157068
0.0159363
0.0157068
0.015748
0.0163934
0.0163934
0.0163934
0.0163934
0.0157068
0.015748
0.015748
0.0163934
0.0163934
0.0156709
0.0163934
0.0163934
0.0159363
0.0163934
0.0157068
0.0163934
0.0163934
0.015748
0.0157068
0.015748
0.0163934
0.0163934
0.015748
0.0157068
0.015748
0.0163934
0.015748
0.015748
0.015748
0.0163934
0.0163934
0.0163934
0.015748
0.0163934
0.015748
0.0163934
0.0156645
0.0137525
0.2
0.0157068
0.0163934
0.015748
0.0163934
0.015748
0.0163934
0.0163934
0.0163934
0.0163934
0.015748
0.0163934
0.0157068
0.015748
0.0163934
0.0157068
0.0157068
0.0163934
0.0163934
0.015748
0.0163934
0.0156919
0.0163934
0.0159363
0.015748
0.0163934
0.015748
0.0159363
0.0157068
0.0163934
0.0163934
0.0163934
0.0159363
0.0163934
0.0163934
0.0157068
0.0157068
0.0159363
0.0155616
0.00813339
0.0156253
0.0156726
0.0156636
0.0157068
0.015748
0.0156658
0.0163934
0.0157729
0.0163934
0.0159363
0.0163934
0.0163934
0.0159363
0.015748
0.015748
0.0163934
0.0159363
0.0157068
0.0157068
0.0163934
0.0119522
0.333333
0.0157068
0.015748
0.0163934
0.0157068
0.0157068
0.0163934
0.0156709
0.0159363
0.015748
0.0163934
0.0163934
0.0163934
0.0157068
0.015748
0.015748
0.0163934
0.015748
0.0163934
0.015748
0.015748
0.0163934
0.015748
0.0163934
0.0159363
0.0163934
0.0157068
0.0163934
0.0163934
0.0157068
0.0157068
0.0163934
0.0163934
0.00787402
0.5
0.0163934
0.0163934
0.0163934
0.0163934
0.0163934
0.0157449
0.0158479
0.0159363
0.00787402
0.5
0.0157068
0.0163934
0.00787402
0.5
0.015748
0.015748
0.0163934
0.0157068
0.015748
0.0159363
0.015748
0.015748
0.015748
0.0159363
0.0163934
0.0163934
0.015748
0.0158014
0.0159363
0.0163934
0.0159363
0.0163934
0.0163934
0.0156658
0.0163934
0.0157068
0.0157729
0.0157068
0.0157729
0.0157068
0.0163934
0.0163934
0.015748
0.0157729
0.0159363
0.015748
0.015748
0.0156229
0.000284616
0.0156429
0.0156815
0.0157729
0.0159363
0.0157068
0.0163934
0.0163934
0.0163934
0.0163934
0.0163934
0.0163934
0.0163934
0.0159363
0.0163934
0.0163934
0.0163934
0.015748
0.0157068
0.0159363
0.0159363
0.0158014
0.0163934
0.0157729
0.015748
0.0163934
0.015748
0.0163934
0.0163934
0.0163934
0.0163934
0.0156919
0.0159363
0.015748
0.0157068
0.0163934
0.0163934
0.0163934
0.0163934
0.0163934
0.0163934
0.0163934
0.0163934
0.0163934
0.0156658
0.0163934
0.0163934
0.0163934
0.0163934
0.0163934
0.0163934
0.0163934
0.0151587
0.0588235
0.0156386
0.0157068
0.0159363
0.015748
0.0157068
0.0163934
0.015748
0.0157068
0.015748
0.0163934
0.0159363
0.015748
0.015748
0.015748
0.0163934
0.0163934
0.0163934
0.0163934
0.0163934
0.0163934
0.0163934
0.0163934
0.0163934
0.0163934
0.0157068
0.0163934
0.0159363
0.0158479
0.0157618
0.0163934
0.0159363
0.0159363
0.015748
0.015748
0.0163934
0.015748
0.0157068
0.0163934
0.0156658
0.0163934
0.0163934
0.0163934
0.015748
0.0163934
0.0163934
