0.0156251
0.0156263
0.0156265
0.0156251
0.0156252
0.0155806
0.00576369
0.0154862
0.017341
0.0156261
0.0163934
0.0163934
0.015748
0.0163934
0.0163934
0.0163934
0.0163934
0.015748
0.0163934
0.0163934
0.0163934
0.015748
0.015748
0.015748
0.0163934
0.0163934
0.0163934
0.0163934
0.015748
0.0163934
0.015748
0.0163934
0.0157068
0.015748
0.0163934
0.0163934
0.0163934
0.0163934
0.015748
0.015748
0.015748
0.0163934
0.0163934
0.0163934
0.0156252
0.0159363
0.0163934
0.0163934
0.0163934
0.0163934
0.0163934
0.0163934
0.0163934
0.0163934
0.0163934
0.0163934
0.015748
0.0163934
0.0163934
0.0163934
0.0157729
0.0163934
0.0163934
0.0155873
0.0052356
0.015626
0.0158014
0.015748
0.015748
0.015748
0.0163934
0.0163934
0.0163934
0.0163934
0.0163934
0.0163934
0.0163934
0.0163934
0.0163934
0.0163934
0.0163934
0.0163934
0.0163934
0.0163934
0.0163934
0.0163934
0.0163934
0.0163934
0.0163934
0.0157068
0.0163934
0.0163934
0.0163934
0.0163934
0.0163934
0.0163934
0.0163934
0.0163934
0.0163934
0.0163934
0.0163934
0.015748
0.0157068
0.0163934
0.0163934
0.0163934
0.0163934
0.0163934
0.0157068
0.0163934
0.0163934
0.0163934
0.0163934
0.015748
0.015748
0.015748
0.0156256
0.0159363
0.0163934
0.0163934
0.0163934
0.0163934
0.015748
0.0163934
0.0163934
0.0156039
0.0027248
0.015583
0.00558659
0.0156256
0.015748
0.0163934
0.0163934
0.0163934
0.0163934
0.0163934
0.0163934
0.0163934
0.0163934
0.0163934
0.015748
0.015748
0.0163934
0.0163934
0.0163934
0.0163934
0.0163934
0.0163934
0.0163934
0.0163934
0.0163934
0.0163934
0.0163934
0.0163934
0.0163934
0.015748
0.0163934
0.0163934
0.0156257
0.0159363
0.0163934
0.0163934
0.0163934
0.0163934
0.0163934
0.0157729
0.0155808
0.00558659
0.0156257
0.0163934
0.0163934
0.0163934
0.0163934
0.0163934
0.0163934
0.0163934
0.015748
0.0163934
0.0163934
0.0163934
0.0163934
0.0163934
0.0163934
0.0163934
0.0163934
0.0163934
0.0163934
0.0163934
0.0163934
0.0163934
0.0163934
0.0163934
0.0163934
0.0163934
0.0163934
0.0163934
0.0163934
0.0163934
0.0163934
0.0163934
0.0163934
0.0163934
0.0163934
0.0163934
0.0163934
0.0163934
0.0163934
0.015748
0.0163934
0.015748
0.0163934
0.0163934
0.0163934
0.0163934
0.0156289
0.015748
0.0163934
0.0163934
0.0163934
0.0157068
0.0163934
0.0156289
0.0155611
0.00835655
0.0156382
0.0156252
0.0163934
0.0163934
0.0163934
0.0163934
0.0163934
0.0163934
0.0163934
0.0163934
0.0163934
0.0163934
0.0163934
0.0163934
0.0163934
0.0163934
0.0156262
0.0159363
0.0163934
0.0163934
0.0163934
0.0163934
0.0159363
0.0163934
0.0155792
0.00578035
0.0156266
0.0158014
0.0163934
0.0163934
0.015748
0.0163934
0.0163934
0.0163934
0.0156305
0.0157729
0.0157068
0.0163934
0.0163934
0.0163934
0.015748
0.0157068
0.0163934
0.0163934
0.0163934
0.0163934
0.0163934
0.0163934
0.015748
0.0163934
0.0163934
0.0155555
0.00906344
0.0155808
0.00558659
0.0156287
0.015748
0.015748
0.0163934
0.0163934
0.0163934
0.0163934
0.0163934
0.0163934
0.0163934
0.0163934
0.0163934
0.0163934
0.0163934
0.0159363
0.015748
0.0163934
0.015748
0.0163934
0.0163934
0.0156252
0.0163934
0.0163934
0.0163934
0.0163934
0.015748
0.0163934
0.0163934
0.0163934
0.0163934
0.0163934
0.0163934
0.0163934
0.0163934
0.0163934
0.0163934
0.0163934
0.0163934
0.0163934
0.0163934
0.0163934
0.0163934
0.0163934
0.0157068
0.0163934
0.0163934
0.0163934
0.0163934
0.0156346
0.0156273
0.015748
0.0157068
0.0163934
0.0163934
0.0163934
0.0163934
0.0163934
0.0163934
0.0157068
0.0163934
0.0163934
0.0163934
0.0163934
0.0163934
0.0163934
0.0163934
0.0163934
0.015748
0.0163934
0.0163934
0.0163934
0.0163934
0.0163934
0.0163934
0.015748
0.0163934
0.0163934
0.0163934
0.0163934
0.0163934
0.0163934
0.0163934
0.0163934
0.0163934
0.0163934
0.0163934
0.0163934
0.0156258
0.0157068
0.0163934
0.0163934
0.0163934
0.0163934
0.015748
0.0163934
0.0156274
0.0156266
0.0155834
0.00527704
0.0155774
0.00636943
0.0156252
0.0159363
0.0163934
0.0163934
0.0163934
0.0163934
0.0163934
0.0163934
0.0163934
0.0163934
0.0163934
0.0163934
0.0163934
0.0163934
0.0163934
0.0163934
0.0159363
0.0163934
0.0163934
0.0163934
0.0163934
0.0163934
0.0163934
0.0163934
0.0163934
0.0163934
0.0163934
0.0163934
0.0163934
0.0163934
0.0156277
0.015748
0.0163934
0.0163934
0.0163934
0.0163934
0.0163934
0.0163934
0.0163934
0.0163934
0.0157068
0.0163934
0.0163934
0.0163934
0.0163934
0.0163934
0.0163934
0.0163934
0.0163934
0.0163934
0.0154329
0.0245399
0.0156258
0.0159363
0.0163934
0.0163934
0.0163934
0.0163934
0.0163934
0.0163934
0.0163934
0.0163934
0.0163934
0.0163934
0.0163934
0.0163934
0.0163934
0.0163934
0.0163934
0.0163934
0.0163934
0.0163934
0.0163934
0.0163934
0.0163934
0.0163934
0.0157068
0.0163934
0.0163934
0.0163934
0.0163934
0.0163934
0.0163934
0.0163934
0.0163934
0.0163934
0.0163934
0.0163934
0.0163934
0.0163934
0.015748
0.015627
0.0157068
0.0157729
0.0163934
0.0163934
0.0163934
0.0156069
0.00302115
0.0155378
0.0111732
0.0156258
0.0163934
0.015748
0.0163934
0.015748
0.015748
0.0163934
0.0163934
0.015748
0.0163934
0.0163934
0.0163934
0.0163934
0.0163934
0.0163934
0.0163934
0.0157068
0.015748
0.0163934
0.0163934
0.0163934
0.0163934
0.0163934
0.0163934
0.0163934
0.0163934
0.0163934
0.0163934
0.0163934
0.015748
0.015748
0.0163934
0.0163934
0.015748
0.0163934
0.0163934
0.0163934
0.015748
0.0163934
0.0163934
0.0163934
0.0156264
0.0156658
0.0163934
0.0163934
0.0163934
0.0163934
0.0159363
0.0163934
0.015748
0.0163934
0.0163934
0.0163934
0.0163934
0.0163934
0.0163934
0.0163934
0.0155742
0.00671141
0.0156273
0.0157068
0.015748
0.0163934
0.0163934
0.0163934
0.015748
0.0163934
0.0163934
0.0159363
0.0163934
0.015748
0.015748
0.0163934
0.0163934
0.015748
0.0163934
0.015748
0.0156269
0.0163934
0.0163934
0.0163934
0.0163934
0.0163934
0.0163934
0.0163934
0.0163934
0.0163934
0.0163934
0.0156273
0.0156051
0.00283286
0.0156272
0.0156258
0.0159363
0.0163934
0.0159363
0.0163934
0.0163934
0.0163934
0.015638
0.0157068
0.0163934
0.0163934
0.0163934
0.0163934
0.0157068
0.015748
0.0157068
0.0155347
0.0122699
0.0156258
0.015748
0.0163934
0.015748
0.0163934
0.0163934
0.0163934
0.0163934
0.0163934
0.0163934
0.0163934
0.0163934
0.015748
0.0163934
0.0163934
0.0163934
0.015748
0.0163934
0.0163934
0.0163934
0.0163934
0.0163934
0.0163934
0.0163934
0.0163934
0.0163934
0.0163934
0.0163934
0.015748
0.0163934
0.0163934
0.0163934
0.0156253
0.0159363
0.015748
0.0163934
0.0163934
0.0163934
0.0163934
0.0163934
0.0163934
0.0163934
0.0163934
0.0163934
0.0163934
0.0163934
0.0163934
0.0163934
0.0163934
0.0163934
0.0163934
0.0163934
0.0163934
0.015748
0.0163934
0.015748
0.0163934
0.0163934
0.0163934
0.0163934
0.0163934
0.0163934
0.0156254
0.0155872
0.00598802
0.0156258
0.0159363
0.0163934
0.0163934
0.0163934
0.0163934
0.0163934
0.0163934
0.0163934
0.0163934
0.0163934
0.0163934
0.0163934
0.0163934
0.015748
0.0163934
0.0163934
0.015748
0.0163934
0.0163934
0.0163934
0.0159363
0.0163934
0.0163934
0.0163934
0.0163934
0.0163934
0.0163934
0.0163934
0.0163934
0.015748
0.0163934
0.0163934
0.0156259
0.0163934
0.0163934
0.0163934
0.0163934
0.0163934
0.0163934
0.0163934
0.0163934
0.0163934
0.015748
0.015748
0.0163934
0.0163934
0.0155896
0.00578035
0.0156258
0.0163934
0.0163934
0.0163934
0.0163934
0.0163934
0.0163934
0.0163934
0.015748
0.0163934
0.0163934
0.0163934
0.0163934
0.0163934
0.0163934
0.015748
0.0163934
0.0163934
0.0163934
0.0163934
0.0163934
0.0163934
0.0163934
0.015748
0.0163934
0.0163934
0.0163934
0.0163934
0.0163934
0.0163934
0.0163934
0.0163934
0.0156284
0.0159363
0.0163934
0.0163934
0.0163934
0.015748
0.0157068
0.0157068
0.0163934
0.015748
0.0163934
0.0163934
0.0163934
0.0163934
0.0163934
0.0163934
0.0163934
0.0163934
0.0163934
0.0163934
0.0163934
0.0163934
0.0163934
0.0163934
0.0163934
0.0163934
0.0163934
0.0163934
0.0163934
0.0163934
0.0163934
0.015748
0.0163934
0.0163934
0.0163934
0.0163934
0.0156251
0.0156258
0.0156252
0.0156267
0.0155368
0.0115607
0.0156286
0.0163934
0.015748
0.015748
0.0163934
0.0163934
0.015748
0.0163934
0.0163934
0.0163934
0.0163934
0.0156263
0.0163934
0.0163934
0.0163934
0.0163934
0.0163934
0.0163934
0.0163934
0.0163934
0.0163934
0.0163934
0.0156388
0.0156279
0.0157729
0.015748
0.0163934
0.0157068
0.015748
0.0163934
0.0163934
0.015748
0.0163934
0.0163934
0.0156269
0.0163934
0.0163934
0.0163934
0.0163934
0.015748
0.0163934
0.0163934
0.015748
0.0163934
0.0163934
0.0163934
0.0163934
0.0163934
0.0163934
0.0156122
0.00315457
0.0155031
0.0191083
0.0156263
0.0157068
0.0163934
0.0163934
0.0163934
0.0163934
0.0163934
0.0163934
0.0163934
0.0163934
0.0163934
0.0163934
0.0163934
0.015748
0.0163934
0.0163934
0.0163934
0.0163934
0.0156264
0.015748
0.0163934
0.0163934
0.0163934
0.0163934
0.0163934
0.0163934
0.0163934
0.0163934
0.0163934
0.0163934
0.0163934
0.0157068
0.0163934
0.0163934
0.0163934
0.0156309
0.015628
0.015748
0.015748
0.015748
0.0163934
0.0163934
0.0163934
0.0163934
0.0163934
0.0163934
0.0163934
0.0163934
0.0163934
0.0163934
0.0163934
0.0163934
0.0163934
0.0163934
0.0163934
0.0163934
0.0156258
0.0157068
0.0163934
0.0163934
0.0163934
0.015748
0.0163934
0.0163934
0.0163934
0.0163934
0.0163934
0.0163934
0.0163934
0.0163934
0.0156293
0.0156066
0.00302115
0.0155794
0.00613497
0.0156279
0.0159363
0.0163934
0.0163934
0.015748
0.0163934
0.015748
0.0163934
0.0163934
0.0163934
0.0163934
0.0163934
0.015748
0.0157068
0.0163934
0.0163934
0.0163934
0.015748
0.0163934
0.0163934
0.0163934
0.0163934
0.0163934
0.0159363
0.0163934
0.0163934
0.0163934
0.0163934
0.0163934
0.0163934
0.0163934
0.0163934
0.0163934
0.0163934
0.015748
0.0163934
0.0163934
0.0163934
0.0163934
0.0163934
0.0163934
0.0156276
0.0163934
0.0163934
0.0163934
0.0163934
0.0163934
0.015748
0.0163934
0.0163934
0.0163934
0.015748
0.0163934
0.0163934
0.015577
0.00671141
0.0156264
0.015748
0.0157068
0.0163934
0.0163934
0.0157068
0.0163934
0.0163934
0.0163934
0.0163934
0.0163934
0.0163934
0.0163934
0.0157068
0.0163934
0.0163934
0.0163934
0.015748
0.0163934
0.015748
0.0163934
0.0163934
0.0163934
0.0163934
0.0163934
0.0156088
0.00238663
0.0157068
0.0163934
0.0163934
0.0163934
0.015748
0.0157068
0.0163934
0.0163934
0.015748
0.0163934
0.0163934
0.0163934
0.0163934
0.0163934
0.0163934
0.0154709
0.019544
0.0155399
0.011976
0.015627
0.015748
0.0163934
0.0163934
0.0163934
0.0163934
0.0163934
0.0163934
0.0163934
0.0163934
0.00787402
0.5
0.00787402
0.5
0.0156293
0.0163934
0.0163934
0.0163934
0.0157068
0.0163934
0.0163934
0.0163934
0.0163934
0.0156309
0.015608
0.00232019
0.0157729
0.0163934
0.0163934
0.0163934
0.015748
0.0163934
0.0163934
0.0163934
0.0163934
0.0163934
0.0163934
0.015748
0.0163934
0.0163934
0.0163934
0.0163934
0.0163934
0.0163934
0.0163934
0.0163934
0.0163934
0.0163934
0.0163934
0.0163934
0.0163934
0.0163934
0.0156319
0.0157068
0.0163934
0.0163934
0.0163934
0.0163934
0.0163934
0.0163934
0.0163934
0.0163934
0.0163934
0.0163934
0.0163934
0.0163934
0.015748
0.015748
0.0163934
0.0163934
0.0163934
0.0163934
0.0163934
0.0163934
0.0163934
0.0163934
0.0163934
0.0156251
0.0156262
0.0155543
0.00906344
0.0155327
0.0115607
0.0156269
0.0157068
0.0163934
0.0163934
0.0163934
0.0163934
0.0163934
0.0163934
0.0163934
0.015748
0.0163934
0.0163934
0.0163934
0.0163934
0.0163934
0.0156264
0.0157068
0.0163934
0.0163934
0.0163934
0.0163934
0.0163934
0.0163934
0.0163934
0.0163934
0.0163934
0.0163934
0.0163934
0.0157068
0.0163934
0.0163934
0.0163934
0.0163934
0.0156436
0.0156275
0.015748
0.0163934
0.0163934
0.0163934
0.0163934
0.0163934
0.0156094
0.00238663
0.0157068
0.0163934
0.0163934
0.0163934
0.0163934
0.0163934
0.0163934
0.0163934
0.0156053
0.00302115
0.0156352
0.015588
0.00477327
0.015748
0.0163934
0.0163934
0.015748
0.015748
0.015748
0.015748
0.0156253
0.0159363
0.015748
0.0157068
0.0163934
0.015748
0.015748
0.0155281
0.0134228
0.0156266
0.015748
0.015748
0.0163934
0.0163934
0.0163934
0.0163934
0.0163934
0.0163934
0.015748
0.0163934
0.0163934
0.0163934
0.0163934
0.015748
0.015748
0.0163934
0.0163934
0.0159363
0.0163934
0.0163934
0.0163934
0.0156103
0.00263852
0.0159363
0.015748
0.0163934
0.015748
0.0163934
0.0163934
0.0163934
0.0157729
0.015748
0.0163934
0.015748
0.0156263
0.0155604
0.00849858
0.0155287
0.0127389
0.0156087
0.00232019
0.0157068
0.015748
0.0163934
0.0163934
0.0163934
0.0163934
0.0163934
0.01561
0.00249377
0.0156658
0.0163934
0.0163934
0.0157068
0.015748
0.0163934
0.0163934
0.0163934
0.0155281
0.0134228
0.0156293
0.0163934
0.0163934
0.0163934
0.0163934
0.0163934
0.0159363
0.0163934
0.0163934
0.0163934
0.0163934
0.0163934
0.0156333
0.0157068
0.0163934
0.0163934
0.0163934
0.0163934
0.0163934
0.0163934
0.0163934
0.0157068
0.0163934
0.0163934
0.0156049
0.00302115
0.0156358
0.0156264
0.015748
0.0163934
0.0163934
0.0163934
0.0163934
0.0163934
0.0163934
0.0157068
0.0163934
0.0163934
0.0163934
0.0163934
0.0156126
0.00232019
0.0157729
0.015748
0.0163934
0.0163934
0.0163934
0.0163934
0.0163934
0.0163934
0.0163934
0.0163934
0.0163934
0.0163934
0.0163934
0.0157068
0.0163934
0.0163934
0.0163934
0.0163934
0.0163934
0.0156274
0.015627
0.0159363
0.015748
0.0163934
0.0163934
0.0163934
0.0163934
0.0163934
0.0163934
0.0163934
0.0163934
0.0163934
0.0163934
0.0163934
0.0163934
0.0163934
0.0163934
0.0163934
0.0163934
0.0163934
0.0163934
0.0157729
0.015748
0.0163934
0.0156086
0.0022779
0.0159363
0.0163934
0.0163934
0.0163934
0.0163934
0.0163934
0.0163934
0.0157729
0.0163934
0.0163934
0.0163934
0.0163934
0.0163934
0.0163934
0.0163934
0.0163934
0.0156251
0.0156268
0.0156261
0.0156272
0.0156075
0.00288184
0.0154846
0.0184049
0.0156272
0.0130548
0.2
0.0163934
0.0163934
0.0163934
0.0163934
0.0163934
0.0163934
0.0163934
0.0163934
0.0163934
0.0163934
0.0163934
0.0163934
0.0163934
0.0163934
0.0157729
0.015748
0.0163934
0.015748
0.0156252
0.0156658
0.0163934
0.0163934
0.0163934
0.0163934
0.0163934
0.0157171
0.0163934
0.0163934
0.0163934
0.0163934
0.0156358
0.0156273
0.0159363
0.0157068
0.0163934
0.015748
0.015748
0.0163934
0.0157068
0.0157068
0.0163934
0.0157068
0.0163934
0.0156264
0.0158014
0.0163934
0.0163934
0.0163934
0.0163934
0.0163934
0.0163934
0.0163934
0.0163934
0.0163934
0.0163934
0.0163934
0.0163934
0.0163934
0.0163934
0.0163934
0.0163934
0.0163934
0.0163934
0.0163934
0.0163934
0.0163934
0.0163934
0.0163934
0.0163934
0.0163934
0.0163934
0.0163934
0.0163934
0.0163934
0.0163934
0.0163934
0.0163934
0.0163934
0.0163934
0.0163934
0.015748
0.0163934
0.0163934
0.0163934
0.0163934
0.0163934
0.0163934
0.0163934
0.0163934
0.0155528
0.0096463
0.0156289
0.0156278
0.0157068
0.0163934
0.0163934
0.0163934
0.0163934
0.0163934
0.0163934
0.0163934
0.0163934
0.0163934
0.0163934
0.0163934
0.0163934
0.0163934
0.0163934
0.0163934
0.0163934
0.0163934
0.0163934
0.0163934
0.0163934
0.0163934
0.0163934
0.0163934
0.0163934
0.0163934
0.0163934
0.0163934
0.0163934
0.0163934
0.0163934
0.0156263
0.0159363
0.0163934
0.0163934
0.015748
0.0159363
0.015748
0.0163934
0.0156323
0.015628
0.0157729
0.015748
0.015748
0.0163934
0.0163934
0.0163934
0.0163934
0.0156269
0.0157068
0.0163934
0.0163934
0.0163934
0.0163934
0.0163934
0.0163934
0.0163934
0.0163934
0.0163934
0.0163934
0.0163934
0.0163934
0.0163934
0.0163934
0.0163934
0.0163934
0.0163934
0.0163934
0.0163934
0.0163934
0.0163934
0.0163934
0.0163934
0.0163934
0.0163934
0.0156273
0.0155797
0.00576369
0.0155797
0.00613497
0.0156279
0.0157068
0.0163934
0.015748
0.0163934
0.0163934
0.0163934
0.0163934
0.0163934
0.0163934
0.0163934
0.0163934
0.0163934
0.0163934
0.0163934
0.015748
0.015748
0.0163934
0.0163934
0.0163934
0.0156264
0.015748
0.0163934
0.0163934
0.0163934
0.0163934
0.0163934
0.0163934
0.0163934
0.0163934
0.0157068
0.0163934
0.0163934
0.0163934
0.0163934
0.015575
0.00662252
0.0156293
0.0159363
0.015748
0.0163934
0.00787402
0.5
0.0163934
0.0163934
0.0163934
0.0163934
0.0163934
0.015748
0.015748
0.0163934
0.00787402
0.5
0.0157068
0.0156253
0.0163934
0.0157068
0.0163934
0.0163934
0.0163934
0.0163934
0.0163934
0.0163934
0.0163934
0.0163934
0.0163934
0.0163934
0.0163934
0.015748
0.0163934
0.0163934
0.015748
0.0163934
0.015748
0.0163934
0.0163934
0.0155061
0.0162866
0.0155226
0.013245
0.0156253
0.015748
0.0163934
0.0163934
0.0163934
0.015748
0.0163934
0.0156293
0.0163934
0.0157068
0.0163934
0.0159363
0.0163934
0.0163934
0.0163934
0.0163934
0.0163934
0.0155849
0.00636943
0.0156343
0.0159363
0.0163934
0.0163934
0.0163934
0.0163934
0.0163934
0.015748
0.0163934
0.0163934
0.0163934
0.0163934
0.0163934
0.0163934
0.0156079
0.00244499
0.015748
0.0163934
0.0163934
0.0163934
0.0163934
0.0163934
0.0163934
0.0163934
0.0163934
0.0163934
0.0163934
0.0156251
0.0156257
0.0155338
0.0115274
0.0155347
0.0122699
0.0156284
0.015748
0.0163934
0.0163934
0.0163934
0.0163934
0.0163934
0.0163934
0.015748
0.0163934
0.0163934
0.0163934
0.0163934
0.0163934
0.015627
0.0163934
0.0163934
0.0163934
0.0163934
0.0163934
0.0163934
0.0163934
0.0163934
0.0163934
0.0163934
0.0156276
0.0156058
0.00249377
0.0163934
0.015748
0.0163934
0.0163934
0.0163934
0.0163934
0.015748
0.0163934
0.0156314
0.015748
0.0157068
0.0163934
0.0163934
0.0157068
0.0163934
0.0157068
0.0163934
0.0156279
0.0155826
0.00671141
0.0156264
0.015748
0.0163934
0.0163934
0.0163934
0.0163934
0.0163934
0.0163934
0.015596
0.00477327
0.015748
0.0163934
0.0163934
0.0163934
0.0163934
0.0157068
0.0163934
0.0156341
0.0156358
0.0163934
0.0163934
0.015748
0.0163934
0.0163934
0.0163934
0.0163934
0.0163934
0.0163934
0.015748
0.0163934
0.0163934
0.0163934
0.0163934
0.0163934
0.015612
0.00244499
0.0163934
0.0163934
0.0163934
0.0163934
0.0157068
0.0163934
0.0157068
0.0156278
0.0156298
0.0155252
0.013245
0.015627
0.015748
0.0163934
0.0163934
0.0163934
0.0163934
0.0163934
0.0163934
0.0163934
0.0163934
0.015748
0.0163934
0.0163934
0.0163934
0.0163934
0.0163934
0.0163934
0.0163934
0.0156083
0.00244499
0.015748
0.0163934
0.0163934
0.0163934
0.0163934
0.015748
0.0163934
0.0163934
0.0163934
0.015575
0.00662252
0.0156324
0.0157068
0.0163934
0.0163934
0.0163934
0.0163934
0.015748
0.0163934
0.0163934
0.0163934
0.015748
0.0163934
0.0163934
0.0163934
0.0163934
0.015748
0.0159363
0.0163934
0.0163934
0.0163934
0.0156259
0.015748
0.0163934
0.0163934
0.0163934
0.0163934
0.0163934
0.0163934
0.0163934
0.0163934
0.0163934
0.0163934
0.015748
0.0163934
0.0163934
0.0163934
0.0163934
0.0163934
0.0163934
0.0163934
0.0163934
0.0163934
0.0163934
0.0155745
0.00651466
0.0155794
0.00613497
0.015588
0.00477327
0.0163934
0.0163934
0.0163934
0.0163934
0.0163934
0.0163934
0.0163934
0.0163934
0.0163934
0.015748
0.0163934
0.0163934
0.0163934
0.0163934
0.0163934
0.015748
0.0157068
0.0163934
0.0163934
0.0163934
0.0163934
0.0163934
0.0163934
0.0163934
0.0163934
0.0163934
0.0163934
0.0163934
0.0163934
0.0163934
0.0156281
0.015748
0.0163934
0.0163934
0.0163934
0.015748
0.0163934
0.0157068
0.015748
0.0163934
0.0163934
0.0155803
0.00729927
0.0156264
0.0157729
0.015748
0.0163934
0.0163934
0.0163934
0.0163934
0.0163934
0.0156658
0.0163934
0.0156275
0.0157068
0.0163934
0.0163934
0.0163934
0.0163934
0.0163934
0.0163934
0.0163934
0.015748
0.0163934
0.0163934
0.0163934
0.0163934
0.0156253
0.0156251
0.0156257
0.0156253
0.0155288
0.0127389
0.0156273
0.0157729
0.0163934
0.0163934
0.0163934
0.0163934
0.015748
0.0163934
0.0163934
0.0163934
0.0163934
0.0163934
0.0163934
0.0156264
0.0163934
0.015748
0.0163934
0.0163934
0.0163934
0.0163934
0.0163934
0.0163934
0.015748
0.0163934
0.015748
0.015748
0.0157068
0.0163934
0.0163934
0.0163934
0.0163934
0.0154697
0.0201342
0.0156276
0.0163934
0.0163934
0.0163934
0.0163934
0.0163934
0.0163934
0.0163934
0.0163934
0.0163934
0.0163934
0.0163934
0.0163934
0.0163934
0.0163934
0.0163934
0.0163934
0.0163934
0.0163934
0.0163934
0.0163934
0.0157729
0.0163934
0.0163934
0.0163934
0.0163934
0.0163934
0.0163934
0.0163934
0.0163934
0.0163934
0.0163934
0.0163934
0.0163934
0.0163934
0.0156276
0.015748
0.0163934
0.015748
0.0163934
0.015748
0.015748
0.0163934
0.0163934
0.0163934
0.0163934
0.0163934
0.0163934
0.0163934
0.015748
0.0163934
0.0163934
0.0163934
0.0163934
0.0163934
0.0163934
0.0163934
0.0163934
0.0163934
0.0157068
0.0163934
0.0163934
0.0163934
0.0163934
0.0163934
0.0163934
0.0163934
0.0163934
0.0163934
0.0163934
0.0163934
0.0163934
0.0163934
0.0163934
0.0163934
0.0163934
0.0163934
0.0155063
0.0120846
0.0155852
0.00613497
0.0156338
0.015748
0.0163934
0.0163934
0.0163934
0.0163934
0.0163934
0.0163934
0.0163934
0.0163934
0.015748
0.0163934
0.0163934
0.0163934
0.0163934
0.0163934
0.0163934
0.0163934
0.0163934
0.0163934
0.0163934
0.0163934
0.0159363
0.0163934
0.0163934
0.0163934
0.0163934
0.0163934
0.0163934
0.0163934
0.0163934
0.0163934
0.0163934
0.0163934
0.0163934
0.0163934
0.0163934
0.0163934
0.0163934
0.0163934
0.0156275
0.015748
0.0163934
0.0163934
0.0163934
0.0163934
0.015748
0.0163934
0.0163934
0.0163934
0.0163934
0.0163934
0.0163934
0.0163934
0.0163934
0.0163934
0.0163934
0.0163934
0.0163934
0.0163934
0.0163934
0.0157068
0.0163934
0.0163934
0.0163934
0.0163934
0.0163934
0.0163934
0.0163934
0.0163934
0.0163934
0.0163934
0.0163934
0.0163934
0.0163934
0.0154793
0.0184049
0.0156258
0.0158014
0.0163934
0.0156658
0.0163934
0.0163934
0.0156094
0.00238663
0.015748
0.0163934
0.0163934
0.0163934
0.0163934
0.0163934
0.0163934
0.0163934
0.0163934
0.0163934
0.0163934
0.0156253
0.0155933
0.00576369
0.0156368
0.0156253
0.015748
0.0163934
0.0163934
0.0163934
0.0163934
0.0163934
0.0163934
0.015748
0.0163934
0.0163934
0.0156319
0.0159363
0.0159363
0.0163934
0.0157068
0.0155288
0.0127389
0.0156253
0.0157068
0.0163934
0.0163934
0.0163934
0.0163934
0.0157729
0.0163934
0.0163934
0.0163934
0.0163934
0.0163934
0.0156079
0.00244499
0.0157068
0.0163934
0.015748
0.0163934
0.0163934
0.0163934
0.0163934
0.0163934
0.0163934
0.0163934
0.0163934
0.0163934
0.015748
0.0163934
0.0163934
0.0163934
0.0163934
0.0163934
0.0163934
0.0163934
0.0163934
0.0163934
0.0157068
0.0163934
0.015748
0.015748
0.0163934
0.0163934
0.0163934
0.015748
0.0163934
0.0163934
0.0163934
0.0163934
0.0163934
0.015748
0.0156047
0.00296736
0.0155403
0.0115607
0.0156265
0.0157068
0.0163934
0.0163934
0.0163934
0.0163934
0.0163934
0.0156057
0.00249377
0.0163934
0.0163934
0.0163934
0.0163934
0.0163934
0.0163934
0.0163934
0.0163934
0.0163934
0.0163934
0.0163934
0.0163934
0.0163934
0.0163934
0.0163934
0.0163934
0.0163934
0.0163934
0.0163934
0.0163934
0.0163934
0.015748
0.0163934
0.0163934
0.0163934
0.0163934
0.0163934
0.0163934
0.0163934
0.015748
0.0155824
0.00598802
0.0156071
0.00238663
0.015748
0.0157068
0.0163934
0.015748
0.0163934
0.0163934
0.0163934
0.0163934
0.0163934
0.0163934
0.0163934
0.0163934
0.0104712
0.5
0.0163934
0.0163934
0.0163934
0.0163934
0.0163934
0.0163934
0.0163934
0.0163934
0.0163934
0.0159363
0.0163934
0.0163934
0.0163934
0.0163934
0.0163934
0.0163934
0.0163934
0.0163934
0.0163934
0.0163934
0.015748
0.0163934
0.0163934
0.0163934
0.0163934
0.0163934
0.0163934
0.0163934
0.0163934
0.0163934
0.0163934
0.0163934
0.0156253
0.0159363
0.015748
0.0163934
0.0163934
0.0163934
0.0163934
0.0163934
0.0163934
0.0163934
0.0163934
0.0157068
0.015748
0.0163934
0.0163934
0.0163934
0.0163934
0.0163934
0.0163934
0.0163934
0.0163934
0.0156272
0.0156262
0.0155586
0.00849858
0.0156284
0.0156258
0.0157068
0.0163934
0.0163934
0.0163934
0.0163934
0.0163934
0.0163934
0.0163934
0.0163934
0.0163934
0.0163934
0.0163934
0.015748
0.0163934
0.0163934
0.0163934
0.015748
0.0163934
0.0156258
0.0159363
0.0163934
0.0163934
0.0163934
0.0163934
0.0163934
0.0163934
0.015748
0.0163934
0.0163934
0.0163934
0.0154895
0.017341
0.0156293
0.015748
0.0163934
0.0163934
0.0163934
0.0156275
0.0157068
0.0163934
0.0163934
0.0163934
0.0163934
0.0163934
0.0163934
0.0163934
0.0157068
0.0163934
0.0156268
0.0155072
0.0157068
0.0156113
0.00238663
0.0163934
0.0163934
0.0159363
0.0156276
0.015748
0.0163934
0.0163934
0.0156346
0.01563
0.0163934
0.0163934
0.0163934
0.0163934
0.0163934
0.0163934
0.0163934
0.0163934
0.0163934
0.0163934
0.0163934
0.0163934
0.0163934
0.0163934
0.0163934
0.0163934
0.015748
0.0163934
0.0163934
0.0163934
0.0163934
0.0163934
0.0163934
0.0163934
0.0163934
0.0163934
0.0163934
0.0163934
0.0156253
0.0159363
0.0163934
0.0163934
0.0163934
0.0163934
0.015748
0.0163934
0.0163934
0.0163934
0.0163934
0.0163934
0.0163934
0.0163934
0.015748
0.0163934
0.0163934
0.0163934
0.0163934
0.0163934
0.0163934
0.0163934
0.0163934
0.0157068
0.0163934
0.0163934
0.0163934
0.0163934
0.0163934
0.0163934
0.0163934
0.0163934
0.0163934
0.0163934
0.0163934
0.0163934
0.0163934
0.0163934
0.0163934
0.0163934
0.0163934
0.0156302
0.0155633
0.00817439
0.0156301
0.0156264
0.0157729
0.0163934
0.0163934
0.0163934
0.0163934
0.0163934
0.0163934
0.0163934
0.0163934
0.0159363
0.015748
0.0163934
0.0163934
0.0163934
0.0163934
0.0163934
0.0163934
0.0163934
0.0163934
0.0163934
0.0163934
0.0163934
0.0163934
0.0163934
0.0163934
0.0163934
0.0163934
0.0163934
0.0163934
0.0156264
0.0156658
0.0163934
0.015748
0.0163934
0.0163934
0.0163934
0.0163934
0.0163934
0.0163934
0.015748
0.0163934
0.0163934
0.0155275
0.0127389
0.0156071
0.00238663
0.0163934
0.0163934
0.0159363
0.0155695
0.0071599
0.0126183
0.333333
0.0163934
0.0163934
0.0163934
0.0163934
0.0163934
0.0163934
0.0163934
0.0163934
0.0163934
0.0163934
0.0163934
0.0163934
0.0163934
0.0163934
0.0163934
0.0156023
0.00302115
0.0155393
0.0104712
0.0156087
0.00232019
0.015748
0.0163934
0.0163934
0.0163934
0.0163934
0.0163934
0.015748
0.0163934
0.0163934
0.0157068
0.0163934
0.0163934
0.0156083
0.00230947
0.015748
0.0163934
0.015748
0.0163934
0.015748
0.0163934
0.0163934
0.0163934
0.015748
0.0163934
0.0163934
0.0163934
0.0163934
0.0163934
0.0163934
0.015748
0.0163934
0.0163934
0.0163934
0.0163934
0.0163934
0.015748
0.0163934
0.015748
0.0163934
0.0163934
0.0163934
0.0163934
0.0163934
0.0163934
0.0163934
0.0163934
0.0163934
0.0163934
0.0163934
0.0163934
0.0163934
0.0155288
0.0127389
0.0156319
0.0163934
0.015748
0.0163934
0.015748
0.0156309
0.0163934
0.0163934
0.0163934
0.0163934
0.0163934
0.0163934
0.0163934
0.015748
0.0163934
0.0156254
0.0156278
0.0156256
0.0156254
0.0156252
0.0155799
0.00576369
0.0155485
0.011976
0.0156277
0.015748
0.015748
0.0163934
0.0163934
0.0163934
0.0163934
0.0163934
0.0163934
0.0163934
0.0163934
0.0163934
0.0163934
0.0163934
0.0163934
0.0163934
0.0163934
0.0163934
0.0163934
0.0163934
0.0163934
0.0163934
0.015748
0.0163934
0.0163934
0.0163934
0.0163934
0.0163934
0.0163934
0.0163934
0.0163934
0.015748
0.0163934
0.0163934
0.0163934
0.0163934
0.0163934
0.0163934
0.0163934
0.0163934
0.0163934
0.0163934
0.0163934
0.0163934
0.0156253
0.0159363
0.0163934
0.0163934
0.0163934
0.0163934
0.0163934
0.0163934
0.0163934
0.0163934
0.0163934
0.0163934
0.0163934
0.0163934
0.0163934
0.0163934
0.0163934
0.0163934
0.015748
0.0163934
0.0163934
0.0163934
0.0163934
0.0163934
0.0163934
0.0163934
0.0155794
0.00613497
0.0156268
0.015748
0.0163934
0.0163934
0.0163934
0.0163934
0.0159363
0.0163934
0.0156258
0.0157729
0.0163934
0.0163934
0.0163934
0.0163934
0.0163934
0.0163934
0.0159363
0.0163934
0.0163934
0.0163934
0.0163934
0.0155801
0.00576369
0.0154221
0.0268456
0.0156263
0.0157729
0.0163934
0.0163934
0.0163934
0.0163934
0.0163934
0.0163934
0.0163934
0.015748
0.0163934
0.015748
0.0163934
0.0156281
0.0163934
0.0163934
0.0163934
0.0163934
0.0163934
0.0163934
0.015748
0.0155781
0.00671141
0.0156264
0.015748
0.0163934
0.0163934
0.0163934
0.015748
0.015748
0.0163934
0.0163934
0.0163934
0.0156074
0.00232019
0.015748
0.0163934
0.0163934
0.0163934
0.0163934
0.0163934
0.0156272
0.0155552
0.00890208
0.0155774
0.00636943
0.0156293
0.0159363
0.0157068
0.0163934
0.0156072
0.0023753
0.015748
0.0163934
0.0163934
0.0163934
0.0163934
0.0163934
0.0163934
0.015748
0.0163934
0.0163934
0.0163934
0.0163934
0.0163934
0.0163934
0.0163934
0.0156292
0.0156253
0.0157729
0.0163934
0.015748
0.0163934
0.0163934
0.0163934
0.015748
0.0163934
0.0156058
0.00249377
0.0163934
0.015748
0.0163934
0.0163934
0.0163934
0.0163934
0.015748
0.0163934
0.0155772
0.0060423
0.0156318
0.0156259
0.0157068
0.0163934
0.0163934
0.0163934
0.0163934
0.0163934
0.0163934
0.0157068
0.0163934
0.0163934
0.0163934
0.0156109
0.00232019
0.0163934
0.0163934
0.0163934
0.0163934
0.0163934
0.015638
0.0156276
0.015748
0.0163934
0.0163934
0.0157068
0.0163934
0.0163934
0.0156253
0.0157068
0.0163934
0.0163934
0.0163934
0.0163934
0.0163934
0.0157068
0.0163934
0.0163934
0.0163934
0.0163934
0.0163934
0.0163934
0.0163934
0.0163934
0.0163934
0.0163934
0.0163934
0.0163934
0.0163934
0.0163934
0.0163934
0.0156259
0.0156252
0.0155788
0.00593472
0.0155031
0.0191083
0.0156259
0.0163934
0.0163934
0.0163934
0.0163934
0.015748
0.0163934
0.0163934
0.0163934
0.0156259
0.0163934
0.0163934
0.0163934
0.0163934
0.0163934
0.0163934
0.0163934
0.0163934
0.0163934
0.0163934
0.0163934
0.0155208
0.0134228
0.0156259
0.0159363
0.0163934
0.0163934
0.0163934
0.0163934
0.0155871
0.00488998
0.015748
0.015748
0.0163934
0.0157068
0.0157068
0.015748
0.015748
0.0155844
0.00630915
0.0155808
0.00636943
0.0156343
0.0157068
0.0163934
0.015748
0.015748
0.0163934
0.0163934
0.0163934
0.0163934
0.0163934
0.0163934
0.0163934
0.0163934
0.0163934
0.0163934
0.0163934
0.0163934
0.0163934
0.0163934
0.0163934
0.0163934
0.0163934
0.0163934
0.0163934
0.0157068
0.0163934
0.0163934
0.0163934
0.015748
0.0163934
0.0163934
0.0163934
0.0163934
0.0163934
0.0163934
0.0163934
0.0163934
0.0163934
0.0163934
0.0163934
0.0163934
0.0163934
0.0156066
0.00263852
0.015748
0.0163934
0.0163934
0.0163934
0.0157068
0.0163934
0.0163934
0.0163934
0.0163934
0.0156309
0.01563
0.0157068
0.015748
0.0163934
0.0163934
0.0163934
0.0163934
0.0163934
0.0163934
0.0163934
0.0163934
0.0163934
0.0163934
0.0163934
0.0156296
0.0157068
0.0163934
0.0163934
0.0163934
0.0163934
0.0163934
0.0163934
0.0163934
0.0163934
0.0163934
0.0163934
0.0163934
0.0163934
0.0163934
0.0163934
0.0163934
0.0163934
0.0163934
0.0163934
0.0163934
0.0163934
0.0163934
0.0163934
0.0163934
0.0163934
0.0163934
0.0163934
0.0163934
0.0163934
0.0163934
0.0163934
0.0163934
0.0163934
0.0163934
0.0163934
0.0163934
0.0163934
0.0163934
0.0163934
0.0163934
0.0163934
0.0156258
0.0156093
0.0027248
0.0154011
0.0318471
0.0156259
0.0163934
0.015748
0.0163934
0.0163934
0.0163934
0.01561
0.00249377
0.015748
0.0163934
0.0163934
0.015748
0.0163934
0.0163934
0.0163934
0.0163934
0.0163934
0.0163934
0.0163934
0.0163934
0.0163934
0.0163934
0.0163934
0.0163934
0.0163934
0.0163934
0.0163934
0.0163934
0.0157729
0.0163934
0.0163934
0.0163934
0.0163934
0.0163934
0.0163934
0.0163934
0.0163934
0.0163934
0.0163934
0.0163934
0.0163934
0.0163934
0.0163934
0.0163934
0.0155226
0.0145985
0.0155927
0.00488998
0.0163934
0.0163934
0.0163934
0.0163934
0.0163934
0.0163934
0.0163934
0.0163934
0.0163934
0.0163934
0.015748
0.0163934
0.0163934
0.015748
0.0155681
0.00771208
0.0163934
0.0163934
0.0163934
0.0163934
0.0163934
0.0155529
0.00946372
0.0154375
0.0239521
0.0156313
0.0157068
0.0163934
0.0163934
0.0163934
0.0163934
0.0163934
0.0163934
0.0163934
0.0163934
0.0163934
0.0163934
0.0163934
0.0163934
0.0163934
0.0163934
0.0163934
0.0163934
0.0163934
0.0163934
0.0163934
0.0163934
0.0163934
0.0156343
0.0156658
0.0163934
0.0163934
0.0163934
0.0163934
0.0163934
0.0163934
0.015748
0.0163934
0.0163934
0.0163934
0.015748
0.0163934
0.0156309
0.0156264
0.0159363
0.0163934
0.0163934
0.015748
0.0163934
0.0156265
0.0159363
0.0163934
0.0163934
0.0163934
0.0163934
0.0163934
0.0163934
0.0163934
0.0163934
0.0163934
0.0156253
0.0156266
0.0156271
0.0156079
0.00296736
0.0155433
0.0115607
0.0156348
0.0163934
0.0163934
0.0163934
0.0163934
0.0163934
0.0163934
0.0163934
0.0163934
0.0163934
0.0163934
0.0163934
0.0163934
0.0163934
0.0163934
0.0163934
0.0163934
0.0163934
0.0163934
0.0163934
0.0163934
0.0163934
0.0163934
0.0163934
0.0163934
0.0163934
0.0163934
0.0163934
0.0163934
0.0156294
0.0157068
0.015748
0.0163934
0.0163934
0.015748
0.0163934
0.0163934
0.015748
0.015748
0.0163934
0.0163934
0.0163934
0.0163934
0.0163934
0.0163934
0.0163934
0.0155765
0.00613497
0.0156279
0.015748
0.0163934
0.0163934
0.015748
0.0163934
0.0163934
0.0163934
0.0163934
0.0163934
0.015748
0.0163934
0.0163934
0.0163934
0.0163934
0.0163934
0.0156074
0.00232019
0.0163934
0.0163934
0.0163934
0.0163934
0.0163934
0.0157068
0.0163934
0.0156086
0.00296736
0.0155281
0.0134228
0.0156316
0.0163934
0.0163934
0.0163934
0.0163934
0.0163934
0.0163934
0.0163934
0.0163934
0.0163934
0.0163934
0.0163934
0.0163934
0.0163934
0.0163934
0.0163934
0.0163934
0.0163934
0.0163934
0.0163934
0.0163934
0.0163934
0.0163934
0.0163934
0.0163934
0.0163934
0.0163934
0.0163934
0.0163934
0.0163934
0.0163934
0.0163934
0.0163934
0.0163934
0.0163934
0.0163934
0.01563
0.0163934
0.0163934
0.0163934
0.0163934
0.0163934
0.0163934
0.0163934
0.0163934
0.0163934
0.0163934
0.0163934
0.0163934
0.0163934
0.0163934
0.0163934
0.0163934
0.0163934
0.0157068
0.0163934
0.0163934
0.0163934
0.0153289
0.0364964
0.0156066
0.00238663
0.0157729
0.0163934
0.0163934
0.0163934
0.0163934
0.0163934
0.0163934
0.0157068
0.0163934
0.0163934
0.0163934
0.0156253
0.0157729
0.0163934
0.0163934
0.0163934
0.0159363
0.0163934
0.0163934
0.0163934
0.0163934
0.0156304
0.015554
0.00906344
0.0156353
0.0156258
0.0159363
0.0163934
0.0163934
0.0163934
0.0163934
0.0163934
0.0163934
0.0159363
0.015748
0.0163934
0.0163934
0.0156121
0.00244499
0.0156658
0.0163934
0.0163934
0.0163934
0.0159363
0.0163934
0.0155288
0.0127389
0.0156275
0.0158014
0.0163934
0.0163934
0.0163934
0.0163934
0.0157729
0.0163934
0.0156088
0.00238663
0.0157068
0.0163934
0.0163934
0.015748
0.0163934
0.0163934
0.0156029
0.00325733
0.0156291
0.0156264
0.0157068
0.0163934
0.0163934
0.0163934
0.0163934
0.0163934
0.0163934
0.0156063
0.00238663
0.0163934
0.0163934
0.0163934
0.0163934
0.0163934
0.0163934
0.0155788
0.00636943
0.0156089
0.00238663
0.0163934
0.0163934
0.0163934
0.0163934
0.0163934
0.0163934
0.0163934
0.015748
0.0163934
0.0163934
0.0163934
0.0163934
0.0163934
0.0163934
0.0163934
0.015627
0.015748
0.015748
0.0163934
0.0163934
0.0163934
0.0163934
0.0163934
0.0157068
0.0163934
0.015748
0.0157068
0.0163934
0.0163934
0.0163934
0.0163934
0.0157068
0.0163934
0.0163934
0.0163934
0.0163934
0.0156257
0.0156252
0.0156254
0.0155742
0.00636943
0.0156258
0.0159363
0.0163934
0.0163934
0.0163934
0.0163934
0.0159363
0.0163934
0.0163934
0.0156276
0.0157068
0.0163934
0.015748
0.015522
0.0145985
0.0156253
0.0163934
0.0163934
0.0163934
0.0163934
0.0163934
0.015748
0.0163934
0.0156083
0.00244499
0.0163934
0.0163934
0.0163934
0.0163934
0.0163934
0.0163934
0.0163934
0.0163934
0.0156013
0.00315457
0.0156333
0.0156253
0.015748
0.0163934
0.0163934
0.0163934
0.0163934
0.0163934
0.0157068
0.0157068
0.0163934
0.0156265
0.015748
0.0163934
0.0159363
0.0156291
0.0156284
0.0157068
0.0163934
0.0163934
0.0163934
0.0163934
0.015588
0.00503778
0.0157068
0.0163934
0.0163934
0.0163934
0.0163934
0.0163934
0.0163934
0.0163934
0.0163934
0.0163934
0.015748
0.0156329
0.0156057
0.0027248
0.0156358
0.0156271
0.0163934
0.0163934
0.015588
0.00503778
0.015748
0.0163934
0.0163934
0.0163934
0.01557
0.00729927
0.0156296
0.015748
0.0163934
0.0163934
0.0163934
0.0163934
0.0163934
0.0163934
0.0163934
0.0163934
0.0163934
0.0163934
0.0163934
0.0163934
0.0163934
0.0163934
0.0163934
0.0163934
0.0156296
0.015748
0.0163934
0.0163934
0.0163934
0.0163934
0.0163934
0.0163934
0.0163934
0.0163934
0.0163934
0.0163934
0.0163934
0.0163934
0.0163934
0.0163934
0.0163934
0.0163934
0.015627
0.0155399
0.011976
0.015627
0.015748
0.0163934
0.0163934
0.0163934
0.0163934
0.0163934
0.0163934
0.0163934
0.0163934
0.0163934
0.0163934
0.0163934
0.0156072
0.00238663
0.0163934
0.0163934
0.0163934
0.0163934
0.0163934
0.0163934
0.0163934
0.0163934
0.0163934
0.0155788
0.00636943
0.0156269
0.015748
0.015748
0.0163934
0.0163934
0.0163934
0.0157068
0.0157068
0.015748
0.0163934
0.0163934
0.015748
0.0163934
0.0163934
0.0156279
0.0163934
0.0163934
0.0163934
0.0157068
0.0163934
0.015748
0.0157068
0.0163934
0.0163934
0.0156251
0.0156261
0.0156254
0.0156252
0.0156304
0.0155826
0.00671141
0.01563
0.0163934
0.0163934
0.0163934
0.0163934
0.0163934
0.0163934
0.0163934
0.015748
0.0156253
0.0157729
0.0163934
0.0163934
0.0163934
0.0163934
0.0163934
0.0163934
0.0163934
0.0163934
0.0163934
0.0157068
0.0163934
0.0163934
0.0163934
0.0163934
0.0155811
0.00671141
0.0156077
0.00232019
0.0163934
0.0163934
0.0163934
0.0157068
0.0163934
0.0163934
0.0163934
0.0163934
0.0163934
0.0163934
0.0163934
0.0163934
0.0163934
0.0163934
0.0163934
0.0163934
0.0156071
0.00232019
0.015748
0.0157068
0.0163934
0.0163934
0.015748
0.0163934
0.0157068
0.0163934
0.0163934
0.015748
0.015578
0.0060423
0.0154835
0.0191083
0.0156259
0.0163934
0.0163934
0.015748
0.0163934
0.015748
0.0163934
0.0163934
0.015748
0.0163934
0.0156259
0.0157068
0.0163934
0.0163934
0.0163934
0.0163934
0.0163934
0.015748
0.0163934
0.0163934
0.015748
0.015748
0.0163934
0.0155253
0.0143885
0.0155852
0.00503778
0.0163934
0.0163934
0.0163934
0.0163934
0.015748
0.0163934
0.0159363
0.0163934
0.0163934
0.0163934
0.0163934
0.0163934
0.0163934
0.0156259
0.0159363
0.0163934
0.0163934
0.0163934
0.0163934
0.0163934
0.0163934
0.0163934
0.0163934
0.015748
0.0163934
0.0163934
0.0163934
0.0156272
0.0155786
0.00593472
0.0155299
0.0122699
0.0156263
0.0159363
0.0163934
0.0163934
0.0163934
0.0163934
0.0163934
0.0163934
0.0163934
0.0163934
0.0163934
0.0163934
0.0163934
0.0163934
0.0163934
0.0163934
0.0163934
0.0163934
0.0163934
0.0163934
0.0163934
0.0163934
0.0163934
0.0163934
0.0163934
0.015748
0.015748
0.0163934
0.0163934
0.0163934
0.0156253
0.0163934
0.0163934
0.0163934
0.0163934
0.0163934
0.0163934
0.0163934
0.015748
0.0163934
0.0156258
0.015628
0.015748
0.0163934
0.0163934
0.0163934
0.0156265
0.0119522
0.333333
0.0163934
0.0163934
0.0163934
0.0163934
0.0163934
0.0163934
0.0163934
0.0163934
0.0163934
0.0163934
0.0163934
0.0163934
0.0163934
0.0155757
0.00651466
0.0155847
0.00636943
0.0156269
0.0163934
0.0163934
0.0163934
0.0163934
0.0163934
0.0163934
0.0163934
0.0163934
0.0163934
0.0163934
0.0163934
0.00787402
0.5
0.0156259
0.0159363
0.0163934
0.0163934
0.0163934
0.0163934
0.0163934
0.0163934
0.015748
0.0163934
0.0163934
0.0163934
0.0163934
0.0163934
0.0163934
0.0155729
0.00671141
0.0156276
0.0163934
0.0163934
0.0163934
0.0163934
0.0163934
0.0163934
0.0163934
0.015748
0.0163934
0.0163934
0.0156324
0.0163934
0.0163934
0.0163934
0.0163934
0.0163934
0.0163934
0.0163934
0.0163934
0.0163934
0.0163934
0.0163934
0.0163934
0.0163934
0.015748
0.0163934
0.0163934
0.0163934
0.0156259
0.0156257
0.0155618
0.00890208
0.0155485
0.011976
0.0156253
0.0157068
0.0163934
0.0163934
0.0163934
0.0163934
0.0163934
0.0163934
0.015748
0.0163934
0.0163934
0.0163934
0.0163934
0.0163934
0.0163934
0.0163934
0.0159363
0.0163934
0.0163934
0.0163934
0.015748
0.0163934
0.0163934
0.0163934
0.0163934
0.0163934
0.0163934
0.0163934
0.0163934
0.0163934
0.0163934
0.0163934
0.0163934
0.0163934
0.0163934
0.0156112
0.00238663
0.0163934
0.0163934
0.0163934
0.0163934
0.0163934
0.0163934
0.0163934
0.0163934
0.0155772
0.00671141
0.0156126
0.00232019
0.015748
0.0163934
0.0163934
0.0157068
0.0163934
0.0163934
0.0163934
0.0156259
0.0157729
0.0163934
0.0163934
0.0163934
0.015748
0.0163934
0.0163934
0.0156293
0.015487
0.0179641
0.0156276
0.015748
0.0163934
0.0163934
0.0163934
0.0163934
0.0163934
0.0159363
0.0163934
0.0155734
0.00755668
0.0163934
0.0163934
0.0163934
0.0163934
0.0163934
0.0163934
0.0163934
0.0163934
0.0155705
0.00671141
0.0156282
0.015748
0.0163934
0.0163934
0.0163934
0.0163934
0.0163934
0.0163934
0.0157068
0.0163934
0.0163934
0.0163934
0.0163934
0.0163934
0.0163934
0.0163934
0.0163934
0.0163934
0.0155862
0.00498753
0.0163934
0.0163934
0.0163934
0.0163934
0.0163934
0.0163934
0.0163934
0.0163934
0.0156257
0.0155368
0.0115274
0.0156317
0.015627
0.015748
0.0163934
0.0163934
0.0163934
0.0163934
0.0163934
0.0163934
0.0156059
0.00244499
0.0157068
0.0163934
0.0163934
0.0163934
0.0163934
0.0155762
0.00671141
0.0156319
0.0157729
0.0163934
0.0159363
0.0163934
0.0163934
0.0163934
0.0163934
0.0163934
0.0156134
0.00238663
0.0159363
0.0163934
0.0163934
0.0163934
0.0163934
0.0163934
0.0163934
0.0163934
0.0157729
0.0163934
0.0163934
0.0163934
0.0155778
0.0060423
0.0154898
0.017341
0.0156259
0.0163934
0.0163934
0.0163934
0.0163934
0.0163934
0.0163934
0.015748
0.0163934
0.0163934
0.0163934
0.0163934
0.0163934
0.0163934
0.0156134
0.00251889
0.015748
0.015748
0.0163934
0.0163934
0.015748
0.0163934
0.0163934
0.015748
0.015748
0.0156308
0.0156253
0.0163934
0.015748
0.0163934
0.0163934
0.0163934
0.015748
0.0163934
0.0163934
0.0163934
0.0163934
0.0163934
0.0163934
0.0163934
0.0156259
0.015748
0.0163934
0.0163934
0.0163934
0.0163934
0.0163934
0.0156257
0.0156256
0.0156302
0.0155861
0.00557103
0.0156346
0.0156257
0.0159363
0.0163934
0.0163934
0.0163934
0.0163934
0.0163934
0.0163934
0.0163934
0.0163934
0.0163934
0.0163934
0.0163934
0.0163934
0.0163934
0.0163934
0.0163934
0.0163934
0.0163934
0.0163934
0.0163934
0.0163934
0.015748
0.0163934
0.0163934
0.0163934
0.0156263
0.0163934
0.0163934
0.0163934
0.0163934
0.0163934
0.0163934
0.0163934
0.0163934
0.0163934
0.0163934
0.015748
0.0163934
0.0163934
0.0163934
0.0163934
0.0163934
0.0163934
0.0163934
0.0156346
0.0156253
0.0163934
0.0163934
0.0163934
0.0163934
0.0163934
0.0163934
0.0163934
0.0157068
0.0163934
0.0163934
0.0163934
0.0163934
0.0156253
0.0163934
0.0163934
0.0163934
0.015748
0.0163934
0.0163934
0.0163934
0.0163934
0.0163934
0.0163934
0.0163934
0.0163934
0.0163934
0.0163934
0.0163934
0.0163934
0.0163934
0.0163934
0.0163934
0.0163934
0.0163934
0.0163934
0.0163934
0.0163934
0.0163934
0.0163934
0.0163934
0.0163934
0.0163934
0.0163934
0.0163934
0.0163934
0.0163934
0.0163934
0.0163934
0.0163934
0.0163934
0.0155532
0.00906344
0.0155299
0.0122699
0.0156253
0.0159363
0.0163934
0.0163934
0.015748
0.0163934
0.0163934
0.0163934
0.0163934
0.0163934
0.0163934
0.0156264
0.0163934
0.0163934
0.0163934
0.0155371
0.0122699
0.0156287
0.0163934
0.0163934
0.0163934
0.0163934
0.015748
0.0163934
0.0163934
0.0163934
0.0163934
0.0163934
0.0163934
0.0156259
0.015748
0.0163934
0.0163934
0.0163934
0.0163934
0.0163934
0.0163934
0.0163934
0.0163934
0.0156253
0.0155786
0.00593472
0.0155771
0.00613497
0.0156285
0.0163934
0.0163934
0.0163934
0.0163934
0.0163934
0.015748
0.0163934
0.0156087
0.00232019
0.015748
0.015748
0.0163934
0.0163934
0.0163934
0.015748
0.0163934
0.0155797
0.00613497
0.0156081
0.00225734
0.0163934
0.015748
0.0163934
0.0163934
0.0163934
0.0163934
0.015748
0.0163934
0.0163934
0.0163934
0.0163934
0.0163934
0.0163934
0.0163934
0.0156259
0.0163934
0.0163934
0.0163934
0.0163934
0.0163934
0.0163934
0.0155814
0.00566572
0.0156346
0.0156253
0.0157729
0.0163934
0.0163934
0.015748
0.0163934
0.0163934
0.0163934
0.0163934
0.0163934
0.0163934
0.0163934
0.0163934
0.0163934
0.0163934
0.0159363
0.0163934
0.0163934
0.0156066
0.00238663
0.015748
0.0163934
0.0163934
0.0163934
0.0163934
0.0154752
0.0191083
0.0156319
0.0163934
0.0163934
0.0156253
0.015748
0.0163934
0.0163934
0.0163934
0.0163934
0.0157068
0.0163934
0.0163934
0.0163934
0.0156251
0.0156265
0.0156345
0.0155872
0.00598802
0.0156263
0.015748
0.0163934
0.0163934
0.0163934
0.0163934
0.0163934
0.0157068
0.0163934
0.0163934
0.015627
0.0159363
0.015748
0.015748
0.0163934
0.0157068
0.0163934
0.0163934
0.015748
0.0163934
0.0155872
0.00598802
0.0156103
0.00244499
0.0163934
0.0163934
0.015748
0.0156253
0.0159363
0.0163934
0.0163934
0.0157068
0.0163934
0.0163934
0.0156254
0.0155496
0.0111732
0.0156253
0.0163934
0.0163934
0.0163934
0.0163934
0.0163934
0.0163934
0.0163934
0.0163934
0.0163934
0.0163934
0.0163934
0.0163934
0.0163934
0.0163934
0.0163934
0.0163934
0.0163934
0.0163934
0.0163934
0.0163934
0.0163934
0.0163934
0.0163934
0.0163934
0.0163934
0.0163934
0.0163934
0.0163934
0.0163934
0.0163934
0.0163934
0.0163934
0.0163934
0.0163934
0.0163934
0.0163934
0.015611
0.00232019
0.0159363
0.0163934
0.0163934
0.0163934
0.0163934
0.0163934
0.0163934
0.0163934
0.0163934
0.015748
0.0163934
0.0163934
0.0163934
0.0163934
0.0163934
0.0163934
0.015748
0.0163934
0.0155781
0.00671141
0.0156304
0.0157068
0.015748
0.0163934
0.0157068
0.0163934
0.0163934
0.0163934
0.0156253
0.015748
0.0163934
0.0163934
0.0163934
0.0163934
0.0163934
0.0163934
0.0163934
0.0163934
0.0163934
0.0163934
0.0163934
0.0159363
0.0156309
0.0155858
0.00514139
0.0155013
0.0157068
0.0156279
0.0163934
0.0163934
0.0163934
0.0163934
0.0163934
0.0163934
0.0163934
0.0163934
0.0157068
0.0163934
0.0163934
0.0163934
0.0163934
0.0163934
0.0163934
0.0163934
0.0163934
0.0163934
0.0163934
0.0163934
0.0163934
0.0163934
0.0163934
0.015748
0.0163934
0.0156275
0.0157068
0.0163934
0.0163934
0.0163934
0.0163934
0.0163934
0.0163934
0.015748
0.015748
0.0163934
0.0157068
0.0163934
0.0163934
0.0163934
0.0163934
0.0163934
0.0163934
0.0155433
0.0115607
0.0156263
0.0157068
0.015748
0.015748
0.0163934
0.0163934
0.0163934
0.0163934
0.0163934
0.0163934
0.0163934
0.0163934
0.0163934
0.0163934
0.0163934
0.0163934
0.0163934
0.0163934
0.0163934
0.0163934
0.0163934
0.0163934
0.0156319
0.0157068
0.0163934
0.0163934
0.0163934
0.0163934
0.0163934
0.0159363
0.0163934
0.0163934
0.0163934
0.0163934
0.0163934
0.0163934
0.0163934
0.0163934
0.0163934
0.015578
0.0060423
0.0156267
0.0156294
0.0163934
0.015748
0.0163934
0.0163934
0.0163934
0.0163934
0.0163934
0.0163934
0.015748
0.0163934
0.0163934
0.0163934
0.0156263
0.0163934
0.0157068
0.0163934
0.0163934
0.0163934
0.0163934
0.0163934
0.0157729
0.0163934
0.0163934
0.0163934
0.0163934
0.0163934
0.0155808
0.00558659
0.0156257
0.0163934
0.0163934
0.0163934
0.0163934
0.0163934
0.0163934
0.0163934
0.015748
0.0163934
0.0163934
0.0163934
0.0163934
0.0156297
0.015748
0.0163934
0.0163934
0.0163934
0.0163934
0.0163934
0.0163934
0.0163934
0.0157729
0.0163934
0.0163934
0.0163934
0.0163934
0.0163934
